sameple id : 0
t1 = [0, 4, 8, 12, 16, 20, 24, 28, 32, 36, 40, 44, 48, 52, 56, 60, 64, 68, 72, 76, 80, 84, 88, 92, 96, 100] 
q1 = [0, 0, 0.06896551724137931, 0.06666666666666667, 0.06451612903225806, 0.060606060606060615, 0.057142857142857134, 0.05263157894736842, 0.04878048780487805, 0.08888888888888889, 0.0909090909090909, 0.08888888888888889, 0.0909090909090909, 0.0909090909090909, 0.09302325581395349, 0.09302325581395349, 0.0909090909090909, 0.0909090909090909, 0.09523809523809523, 0.09523809523809523, 0.09523809523809523, 0.09523809523809523, 0.09523809523809523, 0.09523809523809523, 0.0975609756097561, 0.0975609756097561] 
t2 = [0, 4, 8, 12, 16, 20, 24, 28, 32, 36, 40, 44, 48, 52, 56, 60, 64, 68, 72, 76, 80, 84, 88, 92, 96, 100, 104, 108] 
q2 = [0, 0, 0, 0, 0, 0, 0, 0, 0.07407407407407407, 0.07142857142857142, 0.07142857142857142, 0.06896551724137931, 0.06666666666666667, 0.06666666666666667, 0.06666666666666667, 0.06666666666666667, 0.06666666666666667, 0.06666666666666667, 0.06666666666666667, 0.06451612903225806, 0.06451612903225806, 0.06451612903225806, 0.06451612903225806, 0.0625, 0.060606060606060615, 0.060606060606060615, 0.058823529411764705, 0.057142857142857134] 
t3 = [0, 8.377508878707886, 12.452781200408936, 16.277671098709106, 20.341740131378174, 24.033616065979004, 28.457387447357178, 32.18218398094177, 36.04232406616211, 40.091235637664795, 44.136213302612305, 48.210339069366455, 52.26448678970337, 56.398066997528076, 60.0018572807312, 64.40385055541992, 68.02006411552429, 72.307119846344, 76.17391324043274, 80.1680498123169, 84.19047141075134, 88.19747161865234, 92.27897000312805, 96.205801486969, 100.27489161491394] 
q3 = [0, 0.059701492537313425, 0.059701492537313425, 0.059701492537313425, 0.059701492537313425, 0.059701492537313425, 0.059701492537313425, 0.059701492537313425, 0.059701492537313425, 0.059701492537313425, 0.059701492537313425, 0.059701492537313425, 0.059701492537313425, 0.059701492537313425, 0.059701492537313425, 0.059701492537313425, 0.05405405405405406, 0.05405405405405406, 0.05405405405405406, 0.05405405405405406, 0.05405405405405406, 0.05405405405405406, 0.05405405405405406, 0.05405405405405406, 0.05405405405405406] 
