sameple id : 0
t1 = [2.353736162185669, 8.082011938095093, 12.12709093093872, 16.12969660758972, 20.125207901000977, 24.0663640499115, 28.07221031188965, 32.057721853256226, 36.02141880989075, 40.04181122779846, 44.09943962097168, 48.12346267700195, 52.10937023162842, 56.10276460647583, 60.01470375061035, 64.03515076637268, 68.14899396896362, 72.01600980758667, 76.01534128189087, 80.01461958885193, 85.8171238899231, 88.16830968856812, 92.37732076644897, 96.10856175422668, 100.30335330963135] 
q1 = [0.6588235294117647, 0.6835443037974683, 0.6860254083484574, 0.6934306569343065, 0.6961325966850829, 0.7012987012987012, 0.7078651685393259, 0.7105263157894737, 0.7145557655954631, 0.7145557655954631, 0.7196969696969697, 0.7279693486590038, 0.7346153846153846, 0.7360308285163776, 0.7398843930635838, 0.7427466150870407, 0.7470817120622567, 0.7598425196850395, 0.7658730158730159, 0.7838383838383839, 0.790224032586558, 0.7918367346938775, 0.7950819672131149, 0.7967145790554414, 0.7967145790554414] 
t2 = [0.8572390079498291, 8.195608615875244, 12.498008966445923, 16.012527227401733, 20.155625820159912, 24.058764219284058, 28.022475481033325, 32.082770347595215, 36.426007986068726, 40.12834668159485, 44.02513337135315, 48.18956899642944, 52.04147934913635, 56.0241334438324, 60.039307832717896, 64.32898306846619, 68.1230320930481, 72.20233201980591, 76.25148105621338, 80.16719222068787, 84.1443464756012, 88.2038300037384, 92.21638703346252, 96.22904539108276] 
q2 = [0.6588235294117647, 0.6599326599326599, 0.6871609403254972, 0.6871609403254972, 0.6884057971014493, 0.689655172413793, 0.6909090909090909, 0.6946983546617916, 0.6985294117647058, 0.7011070110701108, 0.7074074074074075, 0.7100371747211897, 0.7126865671641791, 0.7153558052434457, 0.7166979362101314, 0.7180451127819548, 0.7180451127819548, 0.7234848484848485, 0.7196969696969697, 0.7224334600760456, 0.7251908396946564, 0.7265774378585086, 0.7269230769230769, 0.7297297297297297] 
t3 = [1.016373872756958, 8.587210655212402, 30.69889521598816, 30.73548412322998, 30.735485076904297, 30.735486030578613, 31.096296072006226, 51.95472311973572, 51.99539518356323, 51.99539613723755, 51.995397090911865, 52.63629412651062, 52.63629508018494, 70.63711619377136, 70.67296433448792, 70.67296528816223, 70.67296648025513, 89.27313160896301, 89.3104636669159, 89.31046462059021, 89.31046557426453, 89.63903951644897, 107.73568558692932, 107.77392554283142] 
q3 = [0.6588235294117647, 0.7387033398821219, 0.78, 0.78, 0.78, 0.78, 0.78, 0.78, 0.78, 0.78, 0.78, 0.78, 0.78, 0.78, 0.78, 0.78, 0.78, 0.78, 0.78, 0.78, 0.78, 0.78, 0.78, 0.78] 
