sameple id : 0
t1 = [0, 4, 8, 12, 16, 20, 24, 28, 32, 36, 40] 
q1 = [0, 0, 0, 0, 0, 0, 0, 0.05714285714285715, 0.052631578947368425, 0.05128205128205129, 0.15384615384615388] 
t2 = [0, 4, 8, 12, 16, 20, 24, 28, 32, 36, 40] 
q2 = [0, 0.13333333333333336, 0.13333333333333336, 0, 0, 0.1111111111111111, 0.1111111111111111, 0.1111111111111111, 0.1111111111111111, 0.10526315789473684, 0.1] 
t3 = [0, 19.06834363937378, 19.160749673843384, 19.200469732284546, 26.23998188972473, 26.290336847305298, 29.303065061569214, 44.44820809364319, 44.48983120918274, 44.52445101737976] 
q3 = [0, 0.05, 0.05, 0.05, 0.05, 0.05, 0.05, 0.08, 0.08, 0.08] 
sameple id : 1
t1 = [0, 4, 8, 12, 16, 20, 24, 28, 32, 36, 40] 
q1 = [0, 0, 0, 0, 0, 0.0625, 0.05714285714285715, 0.0975609756097561, 0.13043478260869568, 0.13333333333333333, 0.10256410256410255] 
t2 = [0, 4, 8, 12, 16, 20, 24, 28, 32, 36, 40] 
q2 = [0, 0, 0, 0, 0, 0, 0.10526315789473685, 0.10526315789473685, 0.10526315789473685, 0, 0] 
t3 = [0, 15.427964210510254, 15.444928169250488, 23.06993317604065, 23.15270709991455, 26.980546712875366, 28.062769889831543, 38.481987714767456, 38.53400254249573, 43.822794675827026] 
q3 = [0, 0.04878048780487805, 0.047619047619047616, 0.047619047619047616, 0.047619047619047616, 0.047619047619047616, 0.10526315789473682, 0.10344827586206895, 0.10344827586206895, 0.10344827586206895] 
