sameple id : 0
t1 = [0, 4, 8, 12, 16, 20, 24, 28, 32, 36, 40, 44, 48, 52, 56, 60, 64, 68, 72, 76, 80] 
q1 = [0, 0, 0, 0, 0, 0, 0.030303030303030304, 0.02941176470588235, 0.028169014084507043, 0.05263157894736841, 0.07692307692307691, 0.07317073170731707, 0.0689655172413793, 0.06818181818181818, 0.06593406593406594, 0.06382978723404255, 0.08247422680412371, 0.0808080808080808, 0.09523809523809525, 0.09174311926605505, 0.10714285714285714] 
t2 = [0, 4, 8, 12, 16, 20, 24, 28, 32, 36, 40, 44, 48, 52, 56, 60, 64, 68, 72, 76, 80, 84, 88, 92, 96, 100, 104, 108, 112, 116, 120, 124, 128, 132, 136, 140, 144, 148, 152, 156, 160, 164, 168, 172, 176, 180] 
q2 = [0, 0, 0, 0, 0, 0, 0, 0, 0, 0, 0, 0, 0, 0.03389830508474576, 0.03389830508474576, 0.03333333333333333, 0.03333333333333333, 0.032786885245901634, 0.032786885245901634, 0.032786885245901634, 0.031746031746031744, 0.05970149253731343, 0.05970149253731343, 0.056338028169014086, 0.07894736842105263, 0.10126582278481013, 0.09638554216867469, 0.09411764705882353, 0.09090909090909091, 0.08695652173913045, 0.08602150537634408, 0.08421052631578947, 0.10101010101010101, 0.09900990099009901, 0.11428571428571427, 0.10909090909090909, 0.12389380530973451, 0.12068965517241378, 0.11764705882352942, 0.13223140495867766, 0.13114754098360656, 0.12598425196850394, 0.12598425196850394, 0.12499999999999997, 0.12307692307692307, 0.12121212121212119] 
t3 = [0, 36.83085608482361, 36.985432147979736, 37.32480430603027, 37.448588132858276, 37.448673248291016, 37.449254274368286, 37.44936227798462, 37.678362131118774, 37.67841696739197, 40.029364824295044, 44.00128388404846, 48.397757053375244, 52.03170967102051, 56.1017541885376, 60.0227997303009, 64.16437315940857, 68.12865447998047, 72.28734707832336, 76.37174010276794, 80.54025387763977] 
q3 = [0, 0.10909090909090909, 0.10909090909090909, 0.11214953271028037, 0.11214953271028037, 0.09090909090909091, 0.08, 0.10256410256410256, 0.10256410256410256, 0.08333333333333333, 0.10909090909090909, 0.11214953271028037, 0.11320754716981132, 0.13559322033898308, 0.13675213675213674, 0.13675213675213674, 0.11965811965811966, 0.11965811965811966, 0.11965811965811966, 0.11965811965811966, 0.13559322033898308] 
