sameple id : 0
t1 = [0, 4, 8, 12, 16, 20, 24, 28, 32, 36, 40, 44, 48, 52, 56, 60] 
q1 = [0, 0, 0, 0, 0, 0.08888888888888889, 0.08, 0.07272727272727272, 0.06779661016949153, 0.06451612903225808, 0.06153846153846154, 0.057971014492753624, 0.08571428571428572, 0.08108108108108107, 0.08, 0.10256410256410256] 
t2 = [0, 4, 8, 12, 16, 20, 24, 28, 32, 36, 40, 44, 48, 52, 56, 60, 64, 68, 72, 76, 80, 84, 88, 92, 96, 100, 104, 108, 112] 
q2 = [0, 0, 0, 0, 0, 0, 0, 0, 0, 0, 0, 0, 0, 0, 0, 0, 0.09090909090909091, 0.0784313725490196, 0.07017543859649124, 0.07017543859649124, 0.06451612903225808, 0.06153846153846154, 0.058823529411764705, 0.08450704225352113, 0.0821917808219178, 0.08108108108108107, 0.10666666666666665, 0.10256410256410256, 0.09876543209876543] 
t3 = [0, 4.028631687164307, 8.009242534637451, 12.002856016159058, 16.016680002212524, 20.351188898086548, 24.138853788375854, 28.11183476448059, 32.01415514945984, 36.093761682510376, 40.29156279563904, 44.08354640007019, 48.125375747680664, 52.172876596450806, 56.35381722450256, 60.11918568611145] 
q3 = [0, 0.14492753623188406, 0.16666666666666663, 0.16901408450704225, 0.16901408450704225, 0.16666666666666663, 0.16666666666666663, 0.1643835616438356, 0.16666666666666663, 0.16666666666666663, 0.16666666666666663, 0.16666666666666663, 0.14285714285714285, 0.14492753623188406, 0.14492753623188406, 0.14492753623188406] 
