sameple id : 0
t1 = [0, 4.072386741638184, 6.049554824829102, 8.093210697174072, 10.177424669265747, 12.104189157485962, 14.053322553634644, 16.12990927696228, 18.294614553451538, 20.142528772354126, 22.30130171775818, 24.076497554779053, 26.4211208820343, 28.286478996276855, 30.26260280609131, 32.23338770866394, 34.15063786506653, 36.340967893600464, 38.16224789619446, 40.107112646102905, 42.26838684082031, 44.26493954658508, 46.18392252922058, 48.09876775741577, 50.05854058265686, 52.41481280326843, 54.340171813964844, 56.32390093803406, 58.17513132095337, 60.05510640144348, 62.39362406730652, 64.03405141830444, 66.02307367324829] 
q1 = [0, 0.7567567567567568, 0.7651006711409395, 0.7567567567567568, 0.7567567567567568, 0.8, 0.8421052631578947, 0.890625, 0.8837209302325583, 0.8769230769230769, 0.8682170542635659, 0.8615384615384616, 0.8615384615384616, 0.8682170542635659, 0.8682170542635659, 0.8682170542635659, 0.8615384615384616, 0.8702290076335878, 0.8769230769230769, 0.8702290076335878, 0.8702290076335878, 0.8702290076335878, 0.8769230769230769, 0.8769230769230769, 0.8837209302325583, 0.8837209302325583, 0.8837209302325583, 0.890625, 0.9047619047619048, 0.912, 0.912, 0.9268292682926829, 0.9] 
t2 = [0, 4.040003061294556, 6.132962942123413, 8.026947498321533, 10.282113552093506, 12.108527898788452, 14.100658893585205, 16.37108564376831, 18.228967905044556, 20.180602550506592, 22.202561616897583, 24.231994152069092, 26.28423810005188, 28.305145740509033, 30.466312170028687, 32.40947508811951, 34.3521523475647, 36.282453536987305, 38.20444583892822, 40.23526334762573, 42.21499824523926, 44.11382246017456, 46.01006364822388, 48.42568254470825, 50.32272124290466, 52.23555302619934, 54.1043176651001, 56.099053382873535, 58.42917728424072, 60.334537982940674, 62.22472286224365, 64.1376621723175] 
q2 = [0, 0, 0, 0, 0.7179487179487181, 0.7096774193548387, 0.7096774193548387, 0.7096774193548387, 0.7222222222222222, 0.7222222222222222, 0.7310344827586207, 0.7310344827586207, 0.7310344827586207, 0.7310344827586207, 0.7397260273972602, 0.7346938775510204, 0.7346938775510204, 0.7346938775510204, 0.7346938775510204, 0.7346938775510204, 0.7448275862068966, 0.7605633802816902, 0.776978417266187, 0.7941176470588235, 0.8059701492537312, 0.8244274809160305, 0.84375, 0.8640000000000001, 0.8780487804878048, 0.9, 0.9075630252100839, 0.9152542372881356] 
t3 = [0, 12.74103569984436, 13.204464673995972, 13.698341846466064, 14.193646907806396, 14.685333967208862, 15.236721992492676, 16.2964129447937, 18.30612587928772, 20.346675634384155, 22.36436939239502, 24.08507251739502, 26.20517373085022, 28.225368976593018, 30.161924123764038, 32.13613533973694, 34.060240745544434, 36.46702980995178, 38.00945973396301, 40.04745078086853, 42.05058741569519, 44.516316652297974, 46.07977271080017, 48.019059896469116, 50.08063578605652, 52.15492033958435, 54.11187720298767, 56.12632632255554, 58.2003812789917, 60.156362533569336, 62.181429624557495, 64.07720470428467, 66.09572839736938, 68.17357563972473, 70.20867466926575, 72.29150176048279, 74.39121603965759, 76.41431403160095, 78.13699126243591] 
q3 = [0, 0.9180327868852459, 0.9180327868852459, 0.9180327868852459, 0.9180327868852459, 0.9180327868852459, 0.9180327868852459, 0.9180327868852459, 0.9180327868852459, 0.9180327868852459, 0.9180327868852459, 0.9180327868852459, 0.9180327868852459, 0.9180327868852459, 0.9180327868852459, 0.9180327868852459, 0.9180327868852459, 0.9180327868852459, 0.9180327868852459, 0.9180327868852459, 0.9180327868852459, 0.9075630252100839, 0.905982905982906, 0.905982905982906, 0.905982905982906, 0.9152542372881356, 0.9230769230769231, 0.9230769230769231, 0.9230769230769231, 0.9230769230769231, 0.9230769230769231, 0.9152542372881356, 0.9152542372881356, 0.9152542372881356, 0.9152542372881356, 0.9152542372881356, 0.9152542372881356, 0.9152542372881356, 0.9152542372881356] 
