sameple id : 0
t1 = [0, 20.130919933319092, 30.025830268859863, 40.02463722229004, 50.15357685089111, 60.05361747741699, 70.37783241271973, 80.30521273612976, 90.32794666290283, 100.19317293167114] 
q1 = [0.7038327526132404, 0.7674418604651162, 0.7868852459016392, 0.823529411764706, 0.8270042194092827, 0.8270042194092827, 0.8461538461538461, 0.8669527896995709, 0.8744588744588745, 0.8820960698689957] 
t2 = [0, 20.03795552253723, 30.33388924598694, 40.143272399902344, 50.05915689468384, 60.22046947479248, 70.22924661636353, 80.1425268650055, 90.03847885131836] 
q2 = [0.674074074074074, 0.7181467181467182, 0.7372549019607844, 0.7550200803212853, 0.7755102040816327, 0.7866108786610879, 0.8067226890756302, 0.8270042194092827, 0.8376068376068376] 
t3 = [0, 20.45715045928955, 30.156936407089233, 40.013686418533325, 50.2082941532135, 60.438098669052124, 70.44508242607117, 80.34220957756042, 90.14328861236572, 100.16481065750122] 
q3 = [0.7038327526132404, 0.847457627118644, 0.8583690987124465, 0.8547008547008548, 0.8620689655172413, 0.8695652173913044, 0.8733624454148472, 0.8928571428571429, 0.9009009009009008, 0.9009009009009008] 
