sameple id : 0
t1 = [0.33954381942749023, 8.081107378005981, 12.080809593200684, 16.121500492095947, 20.016760110855103, 24.34742546081543, 28.0341374874115, 32.130353689193726, 36.23529052734375, 40.251627922058105, 44.18923234939575, 48.14908003807068, 52.146230697631836, 56.17374014854431, 60.45462131500244, 64.16539788246155] 
q1 = [0.7058823529411764, 0.7412587412587414, 0.7412587412587414, 0.776978417266187, 0.8181818181818181, 0.8181818181818181, 0.8181818181818181, 0.8181818181818181, 0.8307692307692308, 0.8503937007874016, 0.8571428571428571, 0.8571428571428571, 0.8571428571428571, 0.8571428571428571, 0.8571428571428571, 0.8571428571428571] 
t2 = [0.19548392295837402, 8.016192197799683, 12.027050495147705, 16.151244163513184, 20.130010843276978, 24.233823537826538, 28.241082429885864, 32.08734178543091, 36.013975858688354, 40.14900302886963, 44.068758964538574, 48.460331439971924, 52.27887964248657, 56.204723834991455, 60.03935766220093, 64.10497331619263] 
q2 = [0.7058823529411764, 0.7260273972602741, 0.7361111111111112, 0.7361111111111112, 0.7464788732394366, 0.7464788732394366, 0.757142857142857, 0.762589928057554, 0.762589928057554, 0.7681159420289855, 0.7794117647058825, 0.7969924812030076, 0.8181818181818181, 0.8244274809160306, 0.8437499999999999, 0.8571428571428571] 
t3 = [0.2165510654449463, 8.194434881210327, 12.087491750717163, 16.305960655212402, 20.036601543426514, 24.083388805389404, 28.271735906600952, 32.42032527923584, 36.06380319595337, 40.062114000320435, 44.32026553153992, 48.23240351676941, 52.06802487373352, 56.427141427993774, 60.27311134338379, 64.07003426551819] 
q3 = [0.7058823529411764, 0.8059701492537313, 0.8059701492537313, 0.8059701492537313, 0.8059701492537313, 0.8059701492537313, 0.8059701492537313, 0.8059701492537313, 0.8059701492537313, 0.8181818181818181, 0.8153846153846153, 0.8548387096774194, 0.864, 0.870967741935484, 0.870967741935484, 0.864] 
