sameple id : 0
t1 = [0, 4.104208469390869, 6.04698920249939, 8.090373992919922, 10.106703281402588, 12.157298564910889, 14.06275749206543, 16.481815814971924, 18.370978593826294, 20.26028823852539, 22.183046579360962, 24.016096591949463, 26.309056758880615, 28.109408855438232, 30.34635829925537, 32.346596479415894, 34.24279761314392, 36.114168643951416, 38.453948736190796, 40.320910692214966, 42.16224813461304, 44.00652623176575, 46.341556787490845, 48.131998777389526, 50.27188682556152, 52.00363278388977, 54.14823389053345, 56.30356740951538, 58.06858944892883, 60.28314566612244, 62.02863883972168, 64.00649809837341] 
q1 = [0.72992700729927, 0.7659574468085106, 0.7746478873239437, 0.7746478873239437, 0.7832167832167832, 0.8235294117647058, 0.8571428571428571, 0.8787878787878789, 0.8721804511278196, 0.8636363636363635, 0.8549618320610686, 0.8484848484848485, 0.8484848484848485, 0.8484848484848485, 0.8484848484848485, 0.8549618320610686, 0.8571428571428571, 0.8636363636363635, 0.8636363636363635, 0.8636363636363635, 0.8636363636363635, 0.8636363636363635, 0.8702290076335878, 0.8769230769230769, 0.8837209302325583, 0.8837209302325583, 0.890625, 0.9047619047619048, 0.912, 0.912, 0.9268292682926829, 0.9075630252100839] 
t2 = [0, 4.195722341537476, 6.106030225753784, 8.148052215576172, 10.149802207946777, 12.059146165847778, 14.345665693283081, 16.306740522384644, 18.167967557907104, 20.018704175949097, 22.41426157951355, 24.216540575027466, 26.01385736465454, 28.023027420043945, 30.24759340286255, 32.070640563964844, 34.04264259338379, 36.26344442367554, 38.08642339706421, 40.04837155342102, 42.27438473701477, 44.09822988510132, 46.0675106048584, 48.27481150627136, 50.09891748428345, 52.08979940414429, 54.33084535598755, 56.14431047439575, 58.002469062805176, 60.387606143951416] 
q2 = [0.72992700729927, 0.7391304347826088, 0.7205882352941178, 0.7391304347826088, 0.7391304347826088, 0.72992700729927, 0.7391304347826088, 0.7391304347826088, 0.7391304347826088, 0.7391304347826088, 0.7482014388489209, 0.7482014388489209, 0.7482014388489209, 0.7482014388489209, 0.7571428571428571, 0.7659574468085106, 0.7659574468085106, 0.7746478873239437, 0.7746478873239437, 0.7659574468085106, 0.776978417266187, 0.7883211678832117, 0.8059701492537312, 0.8181818181818182, 0.8372093023255814, 0.8503937007874016, 0.870967741935484, 0.8780487804878048, 0.9, 0.9075630252100839] 
t3 = [0, 7.062342405319214, 7.560588359832764, 8.077547311782837, 10.125339269638062, 12.123178482055664, 14.15466046333313, 16.150254487991333, 18.138158798217773, 20.46084690093994, 22.558266162872314, 24.160802364349365, 26.065996408462524, 28.455263376235962, 30.046509742736816, 32.02514028549194, 34.15094447135925, 36.12507224082947, 38.00924253463745, 40.39276623725891, 42.319244146347046, 44.080196380615234, 46.073312520980835, 48.077045917510986, 50.503214836120605, 52.48868989944458, 54.45353102684021, 56.11079216003418, 58.08350157737732, 60.246193170547485, 62.20244026184082, 64.15062999725342, 66.13393712043762, 68.08600306510925, 70.06950688362122, 72.02147269248962] 
q3 = [0.72992700729927, 0.9166666666666666, 0.9180327868852459, 0.9180327868852459, 0.9180327868852459, 0.9180327868852459, 0.9180327868852459, 0.9180327868852459, 0.9180327868852459, 0.9180327868852459, 0.9180327868852459, 0.9180327868852459, 0.9180327868852459, 0.9180327868852459, 0.9180327868852459, 0.9180327868852459, 0.9180327868852459, 0.9180327868852459, 0.9180327868852459, 0.9090909090909091, 0.9152542372881356, 0.905982905982906, 0.9152542372881356, 0.9230769230769231, 0.9230769230769231, 0.9230769230769231, 0.9230769230769231, 0.9230769230769231, 0.9152542372881356, 0.9152542372881356, 0.9152542372881356, 0.9152542372881356, 0.9152542372881356, 0.9152542372881356, 0.9152542372881356, 0.9152542372881356] 
