sameple id : 0
t1 = [0, 4, 8, 12, 16, 20, 24, 28, 32, 36, 40, 44, 48, 52, 56, 60, 64, 68, 72, 76, 80, 84, 88, 92, 96, 100, 104, 108, 112, 116, 120] 
q1 = [0, 0, 0, 0, 0.15384615384615383, 0.14285714285714288, 0.125, 0.13333333333333333, 0.13333333333333333, 0.13333333333333333, 0.13333333333333333, 0.15384615384615383, 0.15384615384615383, 0.15384615384615383, 0.15384615384615383, 0.15384615384615383, 0.15384615384615383, 0.15384615384615383, 0.16666666666666666, 0.2, 0.2, 0.2, 0.2, 0.2, 0.2, 0.2, 0.2, 0.2, 0.2, 0.2, 0.2] 
t2 = [0, 4, 8, 12, 16, 20, 24, 28, 32, 36, 40, 44, 48, 52, 56, 60, 64, 68] 
q2 = [0, 0, 0, 0, 0, 0, 0, 0, 0, 0.18181818181818182, 0.16666666666666666, 0.15384615384615383, 0.15384615384615383, 0.15384615384615383, 0.15384615384615383, 0.15384615384615383, 0.15384615384615383, 0.15384615384615383] 
t3 = [0, 4.029581308364868, 8.440338134765625, 12.155236005783081, 16.24846386909485, 20.134604930877686, 24.100847721099854, 28.26919722557068, 32.24392533302307, 36.3970422744751, 40.46497654914856, 44.081764459609985, 48.16639590263367, 52.114203214645386, 56.05213522911072, 60.06088042259216, 64.39612364768982, 68.35865592956543, 72.00172138214111, 76.12808442115784, 80.12621784210205, 84.02710843086243, 88.05619239807129, 92.13809657096863, 96.33553767204285, 100.33297729492188, 104.30527520179749, 108.3405237197876, 112.4461236000061, 116.27752590179443, 120.00521039962769] 
q3 = [0, 0.15384615384615383, 0.14285714285714288, 0.14285714285714288, 0.14285714285714288, 0.14285714285714288, 0.14285714285714288, 0.14285714285714288, 0.14285714285714288, 0.18181818181818182, 0.18181818181818182, 0.18181818181818182, 0.18181818181818182, 0.2, 0.22222222222222224, 0.22222222222222224, 0.22222222222222224, 0.22222222222222224, 0.2, 0.2, 0.16666666666666666, 0.16666666666666666, 0.14285714285714288, 0.14285714285714288, 0.14285714285714288, 0.14285714285714288, 0.15384615384615383, 0.14285714285714288, 0.14285714285714288, 0.15384615384615383, 0.15384615384615383] 
