sameple id : 0
t1 = [0, 4, 8, 12, 16, 20, 24, 28, 32, 36, 40] 
q1 = [0, 0, 0, 0.08333333333333333, 0.0625, 0.06060606060606061, 0.05714285714285714, 0.05405405405405405, 0.04651162790697675, 0.0909090909090909, 0.1081081081081081] 
t2 = [0, 4, 8, 12, 16, 20, 24, 28, 32, 36, 40] 
q2 = [0, 0, 0, 0, 0, 0, 0, 0, 0, 0, 0] 
t3 = [0, 0, 0, 0, 0, 0, 0, 0, 0, 0, 0, 0, 0] 
q3 = [0, 0, 0, 0.07407407407407408, 0.07999999999999999, 0.1111111111111111, 0.10256410256410256, 0.10526315789473684, 0.09999999999999999, 0.09756097560975609, 0.13636363636363638, 0.13333333333333333, 0.12765957446808512] 
sameple id : 1
t1 = [0, 4, 8, 12, 16, 20, 24, 28, 32, 36, 40] 
q1 = [0, 0.1111111111111111, 0.1818181818181818, 0.16, 0.13793103448275862, 0.11764705882352942, 0.11764705882352942, 0.16216216216216217, 0.15789473684210525, 0.15384615384615383, 0.15789473684210525] 
t2 = [0, 4, 8, 12, 16, 20, 24, 28, 32, 36, 40] 
q2 = [0, 0.13333333333333333, 0.125, 0.125, 0.10526315789473685, 0.10526315789473685, 0.10526315789473685, 0.10526315789473685, 0.10526315789473685, 0.2, 0.1904761904761905] 
t3 = [0, 0, 0, 0, 0, 0, 0, 0, 0, 0, 0, 0, 0] 
q3 = [0, 0, 0, 0, 0.18181818181818182, 0.15789473684210525, 0.15, 0.13953488372093023, 0.13636363636363635, 0.13636363636363635, 0.13333333333333333, 0.12244897959183675, 0.10526315789473685] 
