sameple id : 0
t1 = [0, 4, 8, 12, 16, 20, 24, 28, 32, 36, 40, 44, 48, 52, 56, 60, 64, 68, 72, 76, 80, 84, 88, 92, 96, 100] 
q1 = [0, 0.09523809523809523, 0.08333333333333333, 0.20689655172413793, 0.23529411764705882, 0.2162162162162162, 0.19512195121951217, 0.22727272727272727, 0.2127659574468085, 0.23529411764705876, 0.2978723404255319, 0.31999999999999995, 0.326530612244898, 0.2916666666666667, 0.2916666666666667, 0.2916666666666667, 0.2916666666666667, 0.3043478260869565, 0.3043478260869565, 0.3043478260869565, 0.3043478260869565, 0.3043478260869565, 0.3111111111111111, 0.3404255319148936, 0.3404255319148936, 0.3404255319148936] 
t2 = [0, 4, 8, 12, 16, 20, 24, 28, 32, 36, 40, 44, 48, 52, 56, 60, 64, 68, 72, 76, 80, 84, 88, 92, 96, 100] 
q2 = [0, 0.1111111111111111, 0.1111111111111111, 0.1111111111111111, 0.10526315789473684, 0.21052631578947367, 0.2, 0.2, 0.2727272727272727, 0.2727272727272727, 0.2727272727272727, 0.4166666666666667, 0.4166666666666667, 0.39999999999999997, 0.39999999999999997, 0.38461538461538464, 0.38461538461538464, 0.3703703703703703, 0.42857142857142855, 0.42857142857142855, 0.42857142857142855, 0.41379310344827586, 0.41379310344827586, 0.41379310344827586, 0.41379310344827586, 0.41379310344827586] 
t3 = [0, 11.806341409683228, 12.064022302627563, 19.750959873199463, 20.15051293373108, 28.07075810432434, 28.099436283111572, 39.31021761894226, 39.381754636764526, 44.16304659843445, 44.17331862449646, 49.617223501205444, 53.6669065952301, 64.92893695831299, 64.95499086380005, 65.20469498634338] 
q3 = [0, 0.17543859649122806, 0.17543859649122806, 0.20338983050847456, 0.20338983050847456, 0.20338983050847456, 0.19999999999999998, 0.1891891891891892, 0.18421052631578946, 0.18421052631578946, 0.18421052631578946, 0.18421052631578946, 0.19753086419753088, 0.1951219512195122, 0.1951219512195122, 0.1951219512195122] 
