sameple id : 0
t1 = [4, 8, 12, 16, 20, 24, 28, 32, 36, 40] 
q1 = [0.0909090909090909, 0.14814814814814814, 0.1875, 0.2105263157894737, 0.20512820512820512, 0.27906976744186046, 0.2608695652173913, 0.2553191489361702, 0.32, 0.2916666666666667] 
t2 = [4, 8, 12, 16, 20, 24, 28, 32, 36, 40] 
q2 = [0.09999999999999999, 0.09999999999999999, 0.09999999999999999, 0.09523809523809525, 0.0909090909090909, 0.0909090909090909, 0.08695652173913045, 0.16, 0.16, 0.15384615384615383] 
t3 = [0.6943891048431396, 68.55910563468933] 
q3 = [0, 0.273972602739726] 
sameple id : 1
t1 = [4, 8, 12, 16, 20, 24, 28, 32, 36, 40] 
q1 = [0, 0.07692307692307691, 0.1379310344827586, 0.12903225806451615, 0.15789473684210528, 0.1951219512195122, 0.18604651162790697, 0.18181818181818182, 0.18604651162790697, 0.17777777777777776] 
t2 = [4, 8, 12, 16, 20, 24, 28, 32, 36, 40] 
q2 = [0, 0, 0, 0, 0, 0, 0, 0, 0.09090909090909091, 0.08695652173913045] 
t3 = [0.7329199314117432, 68.61278462409973] 
q3 = [0, 0.19718309859154928] 
