sameple id : 0
t1 = [20, 40] 
q1 = [0.21052631578947367, 0.22727272727272727] 
t2 = [20, 40] 
q2 = [0, 0] 
t3 = [0.7213180065155029, 97.31733107566833] 
q3 = [0, 0.27906976744186046] 
sameple id : 1
t1 = [20, 40] 
q1 = [0.10526315789473685, 0.08695652173913043] 
t2 = [20, 40] 
q2 = [0.1111111111111111, 0] 
t3 = [0.8456659317016602, 98.784494638443] 
q3 = [0, 0.08695652173913043] 
