sameple id : 0
t1 = [0, 4, 8, 12, 16, 20, 24, 28] 
q1 = [0, 0, 0, 0, 0, 0, 0, 0.10526315789473685] 
t2 = [0, 4, 8, 12, 16, 20, 24, 28, 32, 36, 40, 44, 48, 52, 56, 60, 64, 68, 72, 76, 80, 84, 88, 92, 96, 100, 104, 108, 112] 
q2 = [0, 0, 0, 0, 0, 0, 0, 0, 0, 0, 0, 0, 0.1111111111111111, 0.1111111111111111, 0.09523809523809525, 0.08333333333333334, 0.07692307692307691, 0.07142857142857142, 0.0625, 0.0588235294117647, 0.05555555555555555, 0.05128205128205127, 0.04878048780487805, 0.047619047619047616, 0.045454545454545456, 0.045454545454545456, 0.04444444444444444, 0.043478260869565216, 0.04081632653061224] 
t3 = [0, 15.67010235786438, 16.110329389572144, 16.28895330429077, 16.306273460388184, 20.023247003555298, 24.26692295074463, 28.30699110031128] 
q3 = [0, 0, 0, 0, 0, 0, 0, 0] 
sameple id : 1
t1 = [0, 4, 8, 12, 16, 20, 24, 28] 
q1 = [0.13333333333333336, 0.13333333333333336, 0.13333333333333336, 0.125, 0, 0, 0, 0] 
t2 = [0, 4, 8, 12, 16, 20, 24, 28, 32, 36, 40, 44, 48, 52, 56, 60, 64, 68, 72, 76, 80, 84, 88, 92, 96, 100, 104] 
q2 = [0.13333333333333336, 0.125, 0.125, 0.125, 0.125, 0.11764705882352941, 0.1111111111111111, 0.1111111111111111, 0.1111111111111111, 0.1111111111111111, 0.1, 0.09090909090909093, 0, 0, 0, 0, 0.060606060606060615, 0.058823529411764705, 0.10526315789473685, 0.10256410256410257, 0.09523809523809525, 0.09090909090909091, 0.08888888888888889, 0.0851063829787234, 0.08, 0.07692307692307693, 0.07407407407407408] 
t3 = [0, 4.004293441772461, 8.002883434295654, 12.382332801818848, 16.155927896499634, 20.24659252166748, 24.064769506454468, 28.039796829223633] 
q3 = [0.13333333333333336, 0, 0.052631578947368425, 0.052631578947368425, 0.052631578947368425, 0.052631578947368425, 0.052631578947368425, 0.052631578947368425] 
sameple id : 2
t1 = [0, 4, 8, 12, 16, 20, 24, 28] 
q1 = [0, 0, 0, 0, 0, 0, 0, 0] 
t2 = [0, 4, 8, 12, 16, 20, 24, 28, 32, 36, 40, 44, 48, 52, 56, 60, 64, 68, 72, 76, 80, 84, 88, 92, 96, 100, 104] 
q2 = [0, 0, 0, 0, 0, 0, 0, 0, 0, 0, 0, 0, 0, 0, 0, 0, 0, 0, 0, 0, 0, 0, 0, 0, 0, 0, 0] 
t3 = [0, 4.004112243652344, 8.025025606155396, 12.131192207336426, 16.36946177482605, 20.110454082489014, 24.23898410797119, 28.01237988471985] 
q3 = [0, 0, 0, 0, 0, 0, 0, 0] 
sameple id : 3
t1 = [0, 4, 8, 12, 16, 20, 24, 28] 
q1 = [0, 0, 0, 0, 0, 0, 0, 0.09090909090909091] 
t2 = [0, 4, 8, 12, 16, 20, 24, 28, 32, 36, 40, 44, 48, 52, 56, 60, 64, 68, 72, 76, 80, 84, 88, 92, 96, 100, 104] 
q2 = [0, 0, 0, 0, 0, 0, 0, 0, 0, 0, 0, 0.09090909090909091, 0.08695652173913043, 0.08, 0.07692307692307691, 0.07142857142857142, 0.06451612903225806, 0.0588235294117647, 0.05263157894736842, 0.05128205128205127, 0.047619047619047616, 0.047619047619047616, 0.046511627906976744, 0.04444444444444444, 0.04444444444444444, 0.04166666666666667, 0.04] 
t3 = [0, 4.093263149261475, 8.020545959472656, 12.314154863357544, 16.043850898742676, 20.171380519866943, 24.31942915916443, 28.162550926208496] 
q3 = [0, 0.05263157894736842, 0.07142857142857142, 0.07142857142857142, 0.07142857142857142, 0.07142857142857142, 0.07142857142857142, 0.07142857142857142] 
