sameple id : 0
t1 = [0, 4, 8, 12, 16, 20, 24, 28, 32, 36, 40, 44, 48, 52, 56, 60, 64, 68, 72, 76, 80, 84, 88, 92, 96, 100, 104, 108, 112] 
q1 = [0, 0, 0, 0, 0, 0, 0, 0, 0, 0, 0, 0, 0, 0, 0, 0, 0, 0, 0, 0, 0, 0, 0, 0, 0, 0, 0, 0, 0] 
t2 = [0, 4, 8, 12, 16, 20, 24, 28, 32, 36, 40, 44, 48, 52, 56, 60, 64, 68, 72, 76, 80, 84, 88, 92, 96, 100, 104, 108, 112, 116, 120, 124, 128] 
q2 = [0, 0, 0, 0, 0, 0, 0, 0, 0, 0, 0, 0, 0, 0, 0, 0, 0, 0, 0, 0, 0, 0, 0, 0, 0, 0, 0, 0, 0, 0, 0, 0, 0] 
t3 = [0, 4.013150453567505, 8.349803447723389, 12.152012586593628, 16.230207443237305, 20.124756574630737, 24.471395254135132, 28.44982409477234, 32.29623627662659, 36.21274709701538, 40.077555894851685, 44.35083532333374, 48.08567929267883, 52.24079489707947, 56.445395946502686, 60.006391286849976, 64.35506129264832, 68.01482510566711, 72.01046252250671, 76.09362053871155, 80.00982236862183, 84.00178647041321, 88.14637756347656, 92.06890487670898, 96.01292014122009, 100.34355163574219, 104.37490487098694, 108.37292838096619, 112.29284954071045, 116.16992664337158, 120.0055160522461] 
q3 = [0, 0.08695652173913043, 0.08, 0.08, 0.08333333333333334, 0.08, 0.08333333333333334, 0.1, 0, 0, 0, 0, 0, 0, 0, 0, 0, 0, 0, 0, 0, 0, 0, 0, 0, 0, 0, 0, 0, 0, 0] 
