sameple id : 0
t1 = [0, 20.02392053604126, 30.02416491508484, 40.02787780761719, 50.39175534248352, 60.09956359863281, 70.36558938026428, 80.07705664634705, 90.36106514930725, 100.43123602867126] 
q1 = [0, 0.7171314741035858, 0.761904761904762, 0.8034934497816594, 0.8266666666666667, 0.8303571428571428, 0.8378378378378378, 0.8416289592760181, 0.8571428571428571, 0.8651162790697675] 
t2 = [0, 20.121891498565674, 30.392752647399902, 40.44929814338684, 50.09532451629639, 60.00368618965149, 70.11452436447144, 80.2162401676178, 90.18318319320679] 
q2 = [0, 0.6969696969696969, 0.7022900763358778, 0.7237354085603113, 0.738095238095238, 0.7499999999999999, 0.7685950413223139, 0.7815126050420168, 0.8017241379310345] 
t3 = [0, 20.54719352722168, 30.0666241645813, 40.304593324661255, 50.05820178985596, 60.479355573654175, 70.61853051185608, 80.1408576965332, 90.43977093696594, 100.15632939338684] 
q3 = [0, 0.8122270742358079, 0.8122270742358079, 0.8122270742358079, 0.8122270742358079, 0.8230088495575222, 0.8454545454545455, 0.8651162790697675, 0.9029126213592232, 0.916256157635468] 
