sameple id : 0
t1 = [0, 20.05902862548828, 30.084258556365967, 40.01252102851868, 50.17836380004883, 60.012449502944946, 70.03004455566406, 80.04193472862244, 90.46900057792664, 100.32791113853455, 110.0515148639679, 120.03281688690186] 
q1 = [0.7019400352733686, 0.7359154929577464, 0.7451669595782073, 0.759581881533101, 0.7620689655172413, 0.7869415807560138, 0.7959183673469388, 0.8115449915110357, 0.8143100511073254, 0.8191126279863482, 0.8205128205128205, 0.823931623931624] 
t2 = [0, 20.09348726272583, 30.285736799240112, 40.11461806297302, 50.06093406677246, 60.02421522140503, 70.15827417373657, 80.05651879310608, 90.01825714111328, 100.13569498062134, 110.0731201171875] 
q2 = [0.7019400352733686, 0.7150442477876106, 0.7163120567375887, 0.7246891651865008, 0.7308377896613191, 0.7379679144385026, 0.7437722419928826, 0.7495559502664298, 0.7549194991055456, 0.7607142857142857, 0.7642857142857142] 
t3 = [0, 20.355502128601074, 30.271425485610962, 40.46742033958435, 50.389241218566895, 60.17618942260742, 70.00727868080139, 80.35092425346375, 90.00201892852783, 100.05515050888062, 110.12640380859375, 120.3506064414978] 
q3 = [0.7019400352733686, 0.875886524822695, 0.875886524822695, 0.875886524822695, 0.875886524822695, 0.875886524822695, 0.875886524822695, 0.875886524822695, 0.875886524822695, 0.875886524822695, 0.875886524822695, 0.875886524822695] 
