sameple id : 0
t1 = [0, 4, 8, 12, 16, 20, 24, 28, 32, 36, 40] 
q1 = [0, 0, 0.20689655172413793, 0.17647058823529413, 0.2, 0.2, 0.1951219512195122, 0.17777777777777778, 0.16666666666666666, 0.23529411764705882, 0.24489795918367346] 
t2 = [0, 4, 8, 12, 16, 20, 24, 28, 32, 36, 40] 
q2 = [0, 0, 0, 0, 0, 0, 0, 0, 0, 0.16, 0.22222222222222218] 
t3 = [0, 0, 0, 0, 0, 0, 0, 0, 0, 0, 0, 0, 0] 
q3 = [0, 0, 0, 0.18181818181818182, 0, 0.125, 0.11538461538461539, 0.11538461538461539, 0.11320754716981131, 0.14814814814814814, 0.20338983050847456, 0.19999999999999998, 0.22222222222222218] 
sameple id : 1
t1 = [0, 4, 8, 12, 16, 20, 24, 28, 32, 36, 40] 
q1 = [0, 0.09523809523809523, 0.07692307692307691, 0.07407407407407408, 0.07142857142857142, 0.06060606060606061, 0.05405405405405405, 0.049999999999999996, 0.13636363636363638, 0.13043478260869565, 0.22222222222222224] 
t2 = [0, 4, 8, 12, 16, 20, 24, 28, 32, 36, 40] 
q2 = [0, 0.10526315789473684, 0, 0, 0, 0, 0, 0, 0, 0, 0] 
t3 = [0, 0, 0, 0, 0, 0, 0, 0, 0, 0, 0, 0, 0] 
q3 = [0, 0, 0, 0, 0, 0.04651162790697675, 0.08333333333333333, 0.08163265306122448, 0.08163265306122448, 0.08, 0.10909090909090909, 0.10714285714285716, 0.10344827586206896] 
