sameple id : 0
t1 = [0, 4, 8, 12, 16, 20, 24, 28] 
q1 = [0, 0, 0, 0, 0, 0, 0.14285714285714288, 0.16666666666666666] 
t2 = [0, 4, 8, 12, 16, 20, 24, 28, 32, 36] 
q2 = [0, 0, 0, 0, 0, 0, 0, 0, 0, 0] 
t3 = [0, 4.012877464294434, 8.060749292373657, 12.447847366333008, 16.27220916748047, 20.083317756652832, 28.801466941833496, 29.3188259601593] 
q3 = [0, 0.2, 0.2, 0.2, 0.2, 0.2, 0.2, 0.2] 
sameple id : 1
t1 = [0, 4, 8, 12, 16, 20, 24, 28] 
q1 = [0, 0, 0, 0, 0, 0, 0, 0] 
t2 = [0, 4, 8, 12, 16, 20, 24, 28, 32, 36] 
q2 = [0, 0, 0, 0, 0, 0, 0, 0, 0, 0] 
t3 = [0, 4.011354207992554, 8.428284645080566, 12.309326410293579, 16.13028359413147, 20.000119924545288, 24.1015841960907, 28.089702606201172] 
q3 = [0, 0, 0, 0, 0, 0, 0, 0] 
sameple id : 2
t1 = [0, 4, 8, 12, 16, 20, 24, 28] 
q1 = [0, 0, 0, 0.25, 0.22222222222222224, 0.22222222222222224, 0.22222222222222224, 0.22222222222222224] 
t2 = [0, 4, 8, 12, 16, 20, 24, 28, 32, 36] 
q2 = [0, 0, 0, 0, 0, 0, 0, 0, 0.28571428571428575, 0.22222222222222224] 
t3 = [0, 4.0177295207977295, 8.290436744689941, 12.137388467788696, 16.04420757293701, 20.010120153427124, 24.10916781425476, 28.445822954177856] 
q3 = [0, 0.2, 0.2, 0.2, 0.2, 0.2, 0.2, 0] 
sameple id : 3
t1 = [0, 4, 8, 12, 16, 20, 24, 28] 
q1 = [0, 0, 0, 0, 0, 0, 0, 0] 
t2 = [0, 4, 8, 12, 16, 20, 24, 28, 32, 36] 
q2 = [0, 0, 0, 0, 0, 0, 0, 0, 0, 0] 
t3 = [0, 4.009178876876831, 8.163661003112793, 12.426934957504272, 16.24349308013916, 20.050509214401245, 24.065887451171875, 28.09327459335327] 
q3 = [0, 0.1818181818181818, 0.1818181818181818, 0.1818181818181818, 0.1818181818181818, 0.1818181818181818, 0.1818181818181818, 0.2] 
