sameple id : 0
t1 = [0, 4, 8, 12, 16, 20, 24, 28, 32, 36, 40, 44, 48, 52, 56, 60, 64, 68, 72, 76, 80, 84, 88, 92, 96, 100] 
q1 = [0, 0.05, 0.046511627906976744, 0.045454545454545456, 0.04, 0.03773584905660377, 0.034482758620689655, 0.03389830508474577, 0.0967741935483871, 0.09375, 0.08571428571428572, 0.08450704225352113, 0.07792207792207792, 0.07407407407407407, 0.07317073170731708, 0.06818181818181818, 0.0879120879120879, 0.08421052631578947, 0.10204081632653063, 0.10101010101010102, 0.12, 0.13592233009708737, 0.1320754716981132, 0.1320754716981132, 0.15384615384615383, 0.15841584158415842] 
t2 = [0, 4, 8, 12, 16, 20, 24, 28, 32, 36, 40, 44, 48, 52, 56, 60, 64, 68, 72, 76, 80, 84, 88, 92, 96, 100, 104, 108, 112, 116, 120, 124, 128, 132, 136, 140, 144, 148, 152, 156, 160, 164] 
q2 = [0, 0.05, 0.04878048780487805, 0.04878048780487805, 0.047619047619047616, 0.046511627906976744, 0.046511627906976744, 0.046511627906976744, 0.045454545454545456, 0.044444444444444446, 0.0425531914893617, 0.0425531914893617, 0.08333333333333334, 0.0816326530612245, 0.0816326530612245, 0.08, 0.07547169811320754, 0.07547169811320754, 0.07407407407407408, 0.07407407407407408, 0.07407407407407408, 0.07407407407407408, 0.07407407407407408, 0.07407407407407408, 0.07272727272727272, 0.07142857142857144, 0.13793103448275862, 0.13114754098360656, 0.12307692307692308, 0.11764705882352941, 0.11267605633802817, 0.10256410256410257, 0.09876543209876544, 0.09523809523809523, 0.11235955056179776, 0.10869565217391305, 0.10526315789473685, 0.12121212121212119, 0.1386138613861386, 0.15384615384615383, 0.15238095238095237, 0.14814814814814814] 
t3 = [0, 4.00818133354187, 8.003661155700684, 12.300876140594482, 16.112737894058228, 20.17962670326233, 24.304770708084106, 28.20878028869629, 32.44549560546875, 36.29415011405945, 40.23179030418396, 44.120319843292236, 48.06296420097351, 52.00360178947449, 56.00809955596924, 60.422295331954956, 64.13480949401855, 68.17799925804138, 72.13583588600159, 76.45837783813477, 80.30150103569031, 84.47180247306824, 88.09692406654358, 92.05725026130676, 96.1995701789856, 100.14149618148804] 
q3 = [0, 0.09929078014184398, 0.09859154929577466, 0.09859154929577466, 0.09859154929577466, 0.09859154929577466, 0.09859154929577466, 0.09859154929577466, 0.09859154929577466, 0.09859154929577466, 0.09859154929577466, 0.09859154929577466, 0.09859154929577466, 0.09859154929577466, 0.09859154929577466, 0.09859154929577466, 0.09859154929577466, 0.09859154929577466, 0.09859154929577466, 0.09859154929577466, 0.09859154929577466, 0.09859154929577466, 0.09859154929577466, 0.09859154929577466, 0.09859154929577466, 0.09859154929577466] 
