sameple id : 0
t1 = [0, 20.096999645233154, 30.100573778152466, 40.16161918640137, 50.011979818344116, 60.1155161857605, 70.35020089149475, 80.21501851081848, 90.19123601913452, 100.06644916534424] 
q1 = [0, 0.7102040816326531, 0.759825327510917, 0.7782805429864253, 0.7818181818181819, 0.7926267281105991, 0.7999999999999999, 0.8151658767772513, 0.8229665071770336, 0.8285714285714286] 
t2 = [0, 20.402177333831787, 30.384957313537598, 40.31205368041992, 50.066389322280884, 60.17747664451599, 70.14708232879639, 80.25731539726257, 90.00545358657837] 
q2 = [0, 0.6571428571428571, 0.6819923371647509, 0.7035573122529644, 0.712, 0.7355371900826447, 0.7542372881355932, 0.7725321888412017, 0.7860262008733624] 
t3 = [0, 20.096686601638794, 30.115964651107788, 40.42684984207153, 50.23068165779114, 60.40412950515747, 70.07718443870544, 80.1607837677002, 90.38716650009155, 100.200368642807] 
q3 = [0, 0.8294930875576035, 0.8294930875576035, 0.8294930875576035, 0.8294930875576035, 0.8411214953271028, 0.8955223880597014, 0.9045226130653266, 0.8899999999999999, 0.9035532994923857] 
