sameple id : 0
t1 = [0, 20.01598620414734, 30.115801572799683, 40.08257842063904, 50.1272349357605, 60.15658164024353, 70.14200639724731, 80.02332401275635, 90.10620546340942, 100.38791561126709, 110.19907712936401, 120.10217595100403] 
q1 = [0.7451669595782074, 0.7678883071553229, 0.7754385964912279, 0.7832167832167832, 0.7895652173913044, 0.7951388888888888, 0.8198970840480274, 0.8239316239316239, 0.8253424657534247, 0.830188679245283, 0.8350515463917527, 0.8428324697754749] 
t2 = [0, 20.092525243759155, 30.389033794403076, 40.087098360061646, 50.13538384437561, 60.023335218429565, 70.08908557891846, 80.12594175338745, 90.17140865325928, 100.08345365524292, 110.14152956008911] 
q2 = [0.7451669595782074, 0.7460595446584939, 0.7521968365553603, 0.7614035087719299, 0.7695035460992908, 0.7773851590106008, 0.784452296819788, 0.7957746478873239, 0.8014059753954307, 0.81195079086116, 0.8112874779541446] 
t3 = [0, 20.30333709716797, 30.247411966323853, 40.123388051986694, 50.1141574382782, 60.10880398750305, 70.06640577316284, 80.06225824356079, 90.04200458526611, 100.11353135108948, 110.33828496932983, 120.39301609992981] 
q3 = [0.7451669595782074, 0.8920863309352517, 0.8920863309352517, 0.8920863309352517, 0.8920863309352517, 0.8920863309352517, 0.8920863309352517, 0.8920863309352517, 0.8904847396768403, 0.8904847396768403, 0.8904847396768403, 0.8904847396768403] 
